0  509.0  501.0  312.0  1019.0  736.0  656.0  60.0  1039.0  726.0  2314.0  479.0  448.0  479.0  619.0  150.0  
509.0  0  126.0  474.0  1526.0  1226.0  1133.0  532.0  1449.0  1122.0  2789.0  958.0  941.0  978.0  1127.0  542.0  
501.0  126.0  0  541.0  1516.0  1184.0  1084.0  536.0  1371.0  1045.0  2728.0  913.0  904.0  946.0  1115.0  499.0  
312.0  474.0  541.0  0  1157.0  980.0  919.0  271.0  1333.0  1029.0  2553.0  751.0  704.0  720.0  783.0  455.0  
1019.0  1526.0  1516.0  1157.0  0  478.0  583.0  996.0  858.0  855.0  1504.0  677.0  651.0  600.0  401.0  1033.0  
736.0  1226.0  1184.0  980.0  478.0  0  115.0  740.0  470.0  379.0  1581.0  271.0  289.0  261.0  308.0  687.0  
656.0  1133.0  1084.0  919.0  583.0  115.0  0  667.0  455.0  288.0  1661.0  177.0  216.0  207.0  343.0  592.0  
60.0  532.0  536.0  271.0  996.0  740.0  667.0  0  1066.0  759.0  2320.0  493.0  454.0  479.0  598.0  206.0  
1039.0  1449.0  1371.0  1333.0  858.0  470.0  455.0  1066.0  0  328.0  1387.0  591.0  650.0  656.0  776.0  933.0  
726.0  1122.0  1045.0  1029.0  855.0  379.0  288.0  759.0  328.0  0  1697.0  333.0  400.0  427.0  622.0  610.0  
2314.0  2789.0  2728.0  2553.0  1504.0  1581.0  1661.0  2320.0  1387.0  1697.0  0  1838.0  1868.0  1841.0  1789.0  2248.0  
479.0  958.0  913.0  751.0  677.0  271.0  177.0  493.0  591.0  333.0  1838.0  0  68.0  105.0  336.0  417.0  
448.0  941.0  904.0  704.0  651.0  289.0  216.0  454.0  650.0  400.0  1868.0  68.0  0  52.0  287.0  406.0  
479.0  978.0  946.0  720.0  600.0  261.0  207.0  479.0  656.0  427.0  1841.0  105.0  52.0  0  237.0  449.0  
619.0  1127.0  1115.0  783.0  401.0  308.0  343.0  598.0  776.0  622.0  1789.0  336.0  287.0  237.0  0  636.0  
150.0  542.0  499.0  455.0  1033.0  687.0  592.0  206.0  933.0  610.0  2248.0  417.0  406.0  449.0  636.0  0  